243 105
583 35
884 214
781 64
110 156
31 13
865 200
647 40
573 1
719 167
418 218
321 171
60 150
913 32
346 92
563 77
705 90
91 100
411 71
699 129
495 93
273 235
897 35
962 13
211 220
207 121
942 3
419 225
33 51
189 174
838 151
66 98
600 240
481 59
730 120
235 172
908 87
286 20
426 71
624 36
983 91
968 244
413 82
276 5
420 120
174 158
919 63
151 146
450 88
880 128
163 30
459 54
973 221
226 118
695 229
737 97
735 189
304 52
146 204
296 162
747 114
175 229
412 209
887 238
660 218
97 18
584 179
244 120
651 149
657 82
21 149
726 212
801 154
607 123
961 74
216 71
723 118
428 243
418 190
52 138
783 116
251 46
54 106
273 85
314 161
754 23
674 103
794 38
212 132
124 128
653 203
935 28
432 14
214 158
675 141
279 125
764 85
175 65
727 95
873 204
728 74
78 201
809 95
578 192
974 34
544 67
744 154
706 68
191 243
377 129
535 35
25 30
887 179
114 69
998 123
357 165
964 134
181 132
9 238
144 90
163 159
312 23
516 129
434 238
639 74
274 21
168 130
822 106
849 148
723 98
626 83
274 105
864 18
713 80
563 76
558 166
246 205
336 181
590 157
170 216
282 51
753 217
740 46
558 4
213 12
137 222
358 242
779 190
567 199
797 30
50 194
207 143
927 18
759 124
14 8
743 39
722 211
447 241
421 92
753 209
636 101
471 77
651 149
918 237
443 171
698 12
772 220
490 34
149 232
213 46
527 132
160 180
802 218
412 114
314 176
207 49
405 21
645 135
277 27
975 151
981 153
914 76
280 195
802 1
354 146
294 60
673 10
831 11
763 170
400 172
758 202
376 138
634 225
568 150
639 34
684 207
566 221
74 74
703 27
626 232
593 123
287 85
724 165
795 119
711 223
914 72
504 26
981 162
366 240
751 16
793 127
974 219
383 15
556 154
626 125
845 94
451 192
186 19
952 33
13 82
527 186
481 70
271 121
519 220
712 182
639 25
56 92
215 46
363 50
579 152
950 100
205 180
907 182
278 38
722 214
224 104
920 152
982 2
869 44
178 144
473 92
436 168
780 170
670 170
415 593 938 577 393 270 766 13 37 505 855 868 111 109 366 849 396 514 84 728 287 427 892 323 690 281 29 649 713 756 273 846 349 929 424 742 199 908 473 953 413 47 821 242 155 906 809 551 139 893 997 425 320 889 748 728 171 776 96 602 532 368 448 599 297 590 60 214 498 533 168 630 298 707 590 453 332 400 4 471 12 1 895 331 609 362 778 498 856 873 100 107 242 266 706 257 575 484 190 791 17 76 140 315 782 730 486 115 848 208 304 859 208 199 190 535 280 686 33 136 560 850 243 520 835 667 495 410 151 684 201 886 759 60 919 542 789 405 375 356 612 678 215 538 595 123 792 874 809 543 11 88 394 971 607 229 638 102 357 507 786 276 393 264 335 31 805 842 435 898 198 765 295 412 23 890 254 814 483 63 357 212 150 469 183 475 416 539 295 772 47 81 49 158 345 102 189 868 944 342 486 860 108 780 273 848 389 526 662 872 307 737 84 175 925 985 649 341 524 943 114 289 743 880 447 806 981 354 393 644 695 597 505 802 378 496 369 485 740 749 76 765 487 878 939 412 863 307 752 106 968 584 395 711 183 560 236 883 913 629 527 608 944 750 130 322 964 498 526 423 248 601 188 453 479 845 583 342 152 54 167 121 638 280 550 820 839 786 703 471 134 949 797 78 418 926 119 383 144 363 524 110 963 712 281 443 276 863 503 428 916 388 267 273 667 535 812 225 321 234 695 173 901 493 969 320 138 806 421 999 169 944 827 132 375 108 293 651 970 515 797 606 902 782 597 570 317 128 513 357 362 209 248 263 420 217 301 276 741 721 276 909 385 103 760 759 211 53 129 899 286 644 224 189 426 821